1	22	2024-06-26 15:23:14.518632	-36.93074125612343	57.690680619413634	16.7995023501907	62	986.0553944681134
2	21	2024-06-26 15:23:18.46752	-79.49879731281806	79.35935523103778	28.87508657277357	49	1010.105023845988
3	30	2024-06-26 15:23:20.470913	47.481819200269456	52.79085535105802	96.68303191835359	46	1098.8858414912318
5	25	2024-06-26 15:23:23.563258	6.26484456380507	69.64422521945325	60.82845828643006	87	1093.405211807954
4	27	2024-06-26 15:23:23.563946	43.95648934438577	16.232011890174125	35.56399330926931	59	972.8797009832213
6	28	2024-06-26 15:23:26.474169	-19.023178081922737	5.084878848541319	98.47578640992255	84	930.2813413787285
7	26	2024-06-26 15:23:29.674118	78.66956251265955	62.87247678241115	72.62103701586206	40	1058.9927967853018
8	23	2024-06-26 15:23:29.679813	-48.255706200396766	15.36722893231508	79.32200249893707	97	1063.4525537969075
9	24	2024-06-26 15:23:29.683624	76.79112187967974	58.202810673795646	33.01744791275969	19	924.8672016363254
10	29	2024-06-26 15:23:32.520353	-79.83803306015054	30.58280619663186	50.88916608879879	55	1079.5585526146283
11	21	2024-06-26 15:23:32.874432	41.22200337033121	95.25717996886908	40.47119746700599	30	1055.5461453422581
12	22	2024-06-26 15:23:37.761534	98.24120103528213	55.333917790876484	12.706134670335933	60	1095.8806954820952
13	23	2024-06-26 15:23:41.069468	-87.10574797941555	50.46893423326079	14.063461272388055	38	922.6421760992068
14	26	2024-06-26 15:23:45.007235	58.9637691715655	27.113135310662607	58.36569914102755	10	959.8838169937842
15	25	2024-06-26 15:23:47.086101	-75.73960424513405	1.8211438513252465	78.87308149711578	69	1094.1219762474059
16	27	2024-06-26 15:23:48.078205	20.421201370624956	16.883957869871445	34.59956892163281	22	1079.215581709506
17	28	2024-06-26 15:23:49.7148	69.10249772248994	67.86222535566576	81.18788755670593	95	1071.140713708574
18	21	2024-06-26 15:23:50.141139	43.750811685972735	35.843560876320105	4.377690525207356	74	1003.4703114537426
19	30	2024-06-26 15:23:50.704944	90.49117074962538	95.86153625626814	35.500063605961444	88	1053.372507350649
20	29	2024-06-26 15:23:54.811292	41.08587459845066	52.28846568603832	86.6174585098181	2	1013.9695187432187
21	22	2024-06-26 15:23:57.007088	97.79924970100728	75.62140829308306	70.82277233813244	99	1019.8548512053156
22	26	2024-06-26 15:23:59.217468	18.27626852714657	84.9783887290212	36.31807438162343	2	1013.2085924886618
23	23	2024-06-26 15:23:59.266407	69.67535462156047	20.61547464848067	6.6073933788136525	9	1051.7481929598964
24	24	2024-06-26 15:24:00.183025	2.5202012612316906	56.57909453163291	65.8517760857619	100	1082.7308645322037
25	28	2024-06-26 15:24:01.04621	54.844257929896	81.25572027563851	2.5374032037345673	51	1093.0890741184453
26	29	2024-06-26 15:24:06.062461	50.181888465891944	68.5879749052226	82.58724940432946	70	1005.605501721735
27	27	2024-06-26 15:24:10.189091	53.429296911577126	1.7785230313385747	69.5100947010877	31	963.7346608583957
28	22	2024-06-26 15:24:11.120067	-62.956438005047424	47.57570229649629	56.58304580124132	29	900.0359793666688
29	21	2024-06-26 15:24:13.268365	-76.12170611721572	51.51961033509246	4.588694674779148	18	908.4027019384056
30	25	2024-06-26 15:24:16.319874	26.248276698000254	22.985400878802377	46.9624955671875	40	954.3626492691077
31	23	2024-06-26 15:24:18.524431	-44.76629356594384	58.390715655075454	11.583623135288267	45	942.3379728258493
32	30	2024-06-26 15:24:20.803352	-49.504577625844725	95.94861506113888	58.697207564867426	94	906.4414606624069
33	28	2024-06-26 15:24:21.158768	97.3294624150455	74.24137484992109	3.6973059707595457	5	984.8677675421653
34	24	2024-06-26 15:24:21.425274	-24.257409763636616	52.51139791186746	2.706090566041508	63	1058.428088656494
35	26	2024-06-26 15:24:25.384903	-78.9718687583762	5.66062888915665	6.53258761796528	63	1090.5636538637714
36	22	2024-06-26 15:24:26.355935	73.15630115385576	70.28987118695271	97.32314247376792	56	1052.1398867165235
37	27	2024-06-26 15:24:28.316594	-3.099862544522594	29.467866994694493	21.190526102634788	66	1076.614126748601
38	30	2024-06-26 15:24:31.017134	14.421428616016186	17.217899887851196	38.78454319637036	98	1053.143465188846
39	29	2024-06-26 15:24:35.224456	-52.35587605635643	14.037089287563976	63.4198685704256	41	969.9113967644176
40	23	2024-06-26 15:24:37.741747	6.129562089779995	9.022263917930683	87.93751627251245	95	1009.0650567810019
41	30	2024-06-26 15:24:41.221778	2.0254717134704094	30.821207267233785	61.318398753326065	87	934.1485222610742
42	26	2024-06-26 15:24:41.585036	-80.7249269676543	86.5697115647142	28.838983907577987	73	953.3674396480135
43	21	2024-06-26 15:24:42.510428	2.153027453034227	43.08282858768918	37.068323951174165	40	914.1094095727954
44	28	2024-06-26 15:24:43.257957	71.57909961853485	40.22758254187949	64.61161064296809	49	967.4410514382957
45	22	2024-06-26 15:24:44.595027	70.53882566927055	39.96988126889758	90.05561819671014	18	925.6298091880167
46	25	2024-06-26 15:24:46.594245	49.87490303790486	63.18734669252755	35.1496479409684	49	916.2671389808824
47	24	2024-06-26 15:24:46.779049	2.448840520998246	44.45609614940342	60.652438155738565	51	1047.0436521536956
48	23	2024-06-26 15:24:50.035906	-82.94840313883067	16.330124513162815	25.516077055067864	53	1073.528353922279
49	29	2024-06-26 15:24:51.540605	-66.31345272795497	37.69290950582801	49.92917116583402	59	930.8494269315454
50	27	2024-06-26 15:24:54.546735	4.6520672196608075	74.75969961322004	5.811277601984943	7	1097.874940614147
51	24	2024-06-26 15:25:00.047937	66.91144680864932	63.63336102942153	81.68200125525622	10	1022.2377628418727
52	22	2024-06-26 15:25:00.791171	78.81320615910676	87.30312142148992	6.9212478503412616	1	961.6120160595589
53	26	2024-06-26 15:25:01.696484	-87.41264726473807	33.12604380363088	10.330179822867247	10	1075.7813713936937
54	30	2024-06-26 15:25:02.521386	-38.16877529969454	41.939061350274265	12.090016893375699	92	1059.416507357535
55	29	2024-06-26 15:25:03.663871	53.6659001819134	71.44903562835776	47.6783219864549	30	1029.9046480803838
56	25	2024-06-26 15:25:09.818305	51.594217675329105	41.63580141455361	96.28778008705974	65	1061.879924835546
57	21	2024-06-26 15:25:10.779707	47.65311034316568	2.21662414903665	78.22667960930728	69	955.3316397591649
58	28	2024-06-26 15:25:11.398075	-31.195170232694934	16.538348134837598	45.162107350056736	58	916.8259279604753
59	30	2024-06-26 15:25:12.878859	-88.15604472786933	98.59490560869443	51.61803769192726	46	1053.1696259581968
60	27	2024-06-26 15:25:18.812576	23.83752089692193	65.42855651280219	66.0376300960022	12	1018.8870418803491
61	23	2024-06-26 15:25:19.387894	96.68372385800728	7.419874758224676	59.06262950605201	91	1052.7033416015606
62	22	2024-06-26 15:25:24.943249	-25.362876683973838	92.11263825422587	22.309342920381127	75	1056.0878340181118
63	24	2024-06-26 15:25:26.449267	97.5692121745731	31.036593482871943	67.68314472181719	45	905.3782762238191
64	25	2024-06-26 15:25:26.961754	85.81812731035765	60.248702797740236	25.751562277069894	56	969.0980696711547
65	26	2024-06-26 15:25:27.823946	-47.858905447852585	83.974807679636	56.78450159570456	49	905.660249321879
66	29	2024-06-26 15:25:27.932577	77.42579299541569	49.53285692787922	29.295968664993175	64	945.1192163304092
67	21	2024-06-26 15:25:29.101089	-88.06300415537349	2.5536453503669954	78.12501951365081	72	1056.6181286255037
68	28	2024-06-26 15:25:29.830416	69.09640310371964	55.36747516294972	79.23162915667729	23	943.3824985727736
69	30	2024-06-26 15:25:33.021989	-85.56029097884412	55.63378320422889	74.70747628503473	44	1045.8648006074625
70	23	2024-06-26 15:25:38.686415	-98.84455741039051	96.75403752531449	17.269740188859608	28	1099.5281848142913
71	27	2024-06-26 15:25:43.27793	74.63993333886111	78.92595338127411	82.65087131464362	40	965.8806960702232
72	22	2024-06-26 15:25:43.371757	-20.154818847455118	2.8309422105972093	12.521201526356885	12	938.5990290408263
73	25	2024-06-26 15:25:45.078169	-94.67302252164865	98.64350220950082	49.242648406626245	52	925.8995115781796
74	24	2024-06-26 15:25:48.57212	-96.85264315876476	71.70284112313452	3.0633007079673646	33	927.8309802133504
75	26	2024-06-26 15:25:50.015406	6.834273330886248	67.79169856117488	10.972601394272052	26	1068.130785284993
76	29	2024-06-26 15:25:53.101957	-84.95826686795938	50.11290534224243	10.664668930438193	21	943.8152508489173
77	23	2024-06-26 15:25:54.988976	38.11222320941613	33.114011285823274	4.434340491618927	81	971.2250461182836
78	30	2024-06-26 15:25:55.235842	-4.077633811032982	28.91508568599378	80.89430637258636	6	919.1337987742253
79	21	2024-06-26 15:25:56.361264	-37.46225360437394	29.78576638204761	18.4168993209742	36	1066.9740591667914
80	28	2024-06-26 15:26:00.191168	50.51022850815855	33.26505608852326	18.724961989817768	26	1019.281833203788
81	25	2024-06-26 15:26:01.454822	-61.33160903998367	11.497336124354451	33.202863966142985	55	986.6429536582085
82	27	2024-06-26 15:26:02.479906	32.473241600165636	35.00549966117735	96.11228370756332	1	993.2723044896563
83	29	2024-06-26 15:26:03.354222	-17.877482439881987	26.356703492568467	47.04069339653297	0	953.1269835934985
84	22	2024-06-26 15:26:04.499913	-48.589250103340675	61.680328408875596	13.85502578286527	23	1014.3610890231708
85	24	2024-06-26 15:26:06.903683	17.14598552060312	4.361425389336304	63.95371247990377	54	905.4551109592863
86	30	2024-06-26 15:26:10.454253	66.66331009100108	86.57814699093564	70.15677146306956	8	993.9152544457213
87	28	2024-06-26 15:26:11.338569	-57.05127944701489	92.85307812595029	98.20479101636073	11	903.9255853247048
88	23	2024-06-26 15:26:16.265099	-38.50611373600861	36.58470330741047	85.3625803084212	8	1019.301311460815
89	21	2024-06-26 15:26:17.518097	-31.343818346717626	85.97193767287614	47.966326140891034	17	1055.2227356529415
90	26	2024-06-26 15:26:19.34072	-29.115445502416577	45.6130218918907	58.58105772215122	76	1098.8073822302629
91	25	2024-06-26 15:26:23.872245	35.06167157663356	43.91605356297396	37.689526182302416	65	1056.9210718036302
92	27	2024-06-26 15:26:24.128744	93.0563577953778	71.90143119967254	27.124116751989135	17	1065.9276483936337
93	28	2024-06-26 15:26:25.658821	-76.0263158621421	24.322542494767763	3.050602068638908	29	1022.6134809252104
94	24	2024-06-26 15:26:26.221634	-32.36529748316481	43.887200346349445	73.69710237499628	87	1049.5035665451965
95	22	2024-06-26 15:26:28.629647	-75.09410933249686	5.676710176134558	53.079530960820655	18	1047.481074439614
96	23	2024-06-26 15:26:29.536824	-47.56631036500379	14.529533165532637	55.1167267377919	15	955.3776688950613
97	29	2024-06-26 15:26:32.481341	-57.51746441792316	10.971419326009869	11.232984785675082	83	924.639586788853
98	21	2024-06-26 15:26:35.828768	-59.60370875417122	52.16348453395663	42.278491313111196	37	980.7288638895997
99	28	2024-06-26 15:26:36.768308	90.16210290607503	50.62401814205665	14.02249890924625	84	987.5896505431209
100	26	2024-06-26 15:26:38.610185	90.66546739303936	8.059359871006478	6.497400127439013	67	976.1940514959542
101	30	2024-06-26 15:26:40.723345	-22.97395931653338	11.926053991859387	55.485818929426564	7	924.1290081843729
102	27	2024-06-26 15:26:43.289394	-49.95026337892852	7.5476350858854175	60.23013978243855	56	909.6663743379049
103	24	2024-06-26 15:26:47.473624	4.562700584877305	20.670177260909128	10.271888406159457	21	1055.0964153357982
104	22	2024-06-26 15:26:49.791008	89.41103203352122	59.33795136470257	71.695965285146	82	928.9343459121637
105	23	2024-06-26 15:26:50.637198	-84.5224036845168	70.69067906849467	78.91078897488065	20	956.1318619528429
106	29	2024-06-26 15:26:51.603227	71.26013417272404	69.12540267425722	10.73699427200684	75	1093.2549105905996
107	26	2024-06-26 15:26:52.832869	-49.41387689350583	66.38616364659256	98.78013419204784	99	1092.7627583714534
108	21	2024-06-26 15:26:52.964827	63.13725842190982	52.59885073770134	85.62555654964073	45	1012.4040046989668
109	25	2024-06-26 15:26:54.217501	84.79067592628545	63.7600005667578	21.01025826228161	82	1011.5030874138376
110	21	2024-06-26 21:28:28.264831	-70.30405837640026	8.029727340585213	64.9086741999156	54	911.2785323767766
111	22	2024-06-26 21:28:37.621985	-10.506720379752338	77.56453359045011	47.803148861084466	49	1087.5126413352455
112	23	2024-06-26 21:28:45.538477	13.602161387202202	1.5857624202066378	11.010157751770889	85	1015.6172731714012
113	21	2024-06-26 21:28:48.499545	-6.329170270983525	38.41261294270802	32.1304312099454	24	918.9562813646294
114	22	2024-06-26 21:28:54.821918	44.22412390426217	24.10139465043174	73.70019472976847	82	996.6707271963171
115	24	2024-06-26 21:28:55.533219	69.69263115075728	27.40676628768284	55.14326575218611	50	1071.442721728479
116	25	2024-06-26 21:28:58.284414	-37.61585793814395	51.803443449072404	54.979889455928834	31	904.5165561180073
117	23	2024-06-26 21:29:09.758999	98.812179950992	31.15589821319915	62.72794998095785	89	1023.291597418334
118	24	2024-06-26 21:29:13.780429	-67.62856954703898	60.63277616567176	89.2068221822239	79	1068.2650772897334
119	22	2024-06-26 21:29:14.02228	-33.253203901554414	24.636134198329607	67.11494500727568	89	1078.4751659090068
120	25	2024-06-26 21:29:16.501577	-23.024017822709027	9.935202308339708	20.88152936779022	76	1077.2971299458075
121	21	2024-06-26 21:29:16.700463	84.53418269361123	58.5397619722807	33.43139274982533	65	946.1077058613303
122	25	2024-06-26 21:29:26.617815	56.653709381852536	30.66625800043301	30.92426080169899	100	1076.3265490537542
123	21	2024-06-26 21:29:30.910096	68.58397017462693	48.55380346710857	64.30072613130886	2	1097.443074944893
124	24	2024-06-26 21:29:33.029625	-37.48689198379041	57.568666153057	38.22186386702832	34	985.0672601591737
125	22	2024-06-26 21:29:38.243953	67.36174842802026	57.20939694423271	16.95002142813401	11	917.0896562156004
126	23	2024-06-26 21:29:39.873608	44.74595811864336	56.55354129838387	77.00122212893903	40	1009.2445931993941
127	21	2024-06-26 21:29:44.032996	-11.812404986975224	22.73371155995325	90.58464219639029	21	973.9790474912849
128	25	2024-06-26 21:29:49.878381	-69.46022046961207	3.5844580185904085	54.59878681963575	83	975.8575836241711
129	24	2024-06-26 21:29:53.153357	35.9031080248113	73.72912794990097	39.95981271758659	42	931.2635655050864
130	22	2024-06-26 21:29:59.476655	-89.68500175994846	11.253720697086788	54.302696328332075	13	950.5492161991473
131	23	2024-06-26 21:30:01.045681	-19.83990641665045	51.35187093670219	51.60987429298213	11	1066.0553285213862
132	25	2024-06-26 21:30:06.190474	77.62255689563415	59.56798823795597	48.394391921506255	37	995.8803864684947
133	22	2024-06-26 21:30:10.703732	63.767300935708136	93.2392443112382	78.95543579471814	23	995.1427588868512
134	21	2024-06-26 21:30:11.252482	-30.184739053057868	93.6617143894429	51.38210177410938	99	1071.3250109244916
135	24	2024-06-26 21:30:13.404153	5.836152771391852	66.40081187676996	21.586232104289483	37	996.6628282835625
136	23	2024-06-26 21:30:24.313773	-77.17685084201962	24.79751700927646	38.51572621545343	61	907.5713308624659
137	21	2024-06-26 21:30:25.38576	47.566949709723644	83.97907593258243	29.350099012091036	4	1008.1069135352526
138	24	2024-06-26 21:30:25.807691	-72.43460593495038	60.13636424922636	68.96883140654536	86	966.123441315213
139	25	2024-06-26 21:30:35.511755	-52.86407123909147	80.26629151196062	22.42417619548768	65	925.4972526834414
140	22	2024-06-26 21:30:35.949911	49.912019071686245	40.289957181548445	68.60189944753155	2	983.8695762355175
141	21	2024-06-26 21:30:37.623942	26.677114679732455	36.96457720539363	64.99278785239278	79	1005.776252258697
142	24	2024-06-26 21:30:44.079145	-60.10585381262521	80.52837685473321	55.575867206842	48	948.3415073723223
143	23	2024-06-26 21:30:50.45862	58.40744203634267	54.61779338237643	5.610286465797287	31	1078.484345358683
144	21	2024-06-26 21:30:52.767067	-95.7563370431852	95.01225729797143	80.89849539812255	16	956.849568021867
145	25	2024-06-26 21:30:54.794555	21.249753704298897	14.714533117914087	49.789540771370554	6	1011.5819674280442
146	24	2024-06-26 21:30:57.217343	0.7183915282982696	19.464170365468824	81.3450285382973	80	1001.3419441896954
147	22	2024-06-26 21:31:05.122222	-57.96050538967739	14.716782671760964	82.22205691783938	61	1060.7882211279216
148	25	2024-06-26 21:31:07.050135	-64.16749380426845	6.5087787823576715	5.501638285164434	8	1058.0606501162029
149	21	2024-06-26 21:31:13.068342	-68.77945884954136	15.48267568609818	36.80638969001083	74	1091.565288159742
150	24	2024-06-26 21:31:13.531976	-85.48397727911386	51.563280862659724	76.39934319730561	96	951.5185380356676
151	23	2024-06-26 21:31:13.769376	-53.34763081424816	41.425179175741235	62.465829594233846	5	977.2097789773152
152	22	2024-06-26 21:31:23.360946	65.87143264480923	51.78005207835542	28.659997454821784	3	941.1125039644661
153	23	2024-06-26 21:31:23.996219	-36.80873008929015	44.96449044159107	12.27528944586993	94	1014.9672051340062
154	25	2024-06-26 21:31:32.326428	74.56626289920663	95.55766127708392	98.56923389312354	20	1002.8901067412264
155	21	2024-06-26 21:31:38.187037	60.12537968089609	54.33932623932891	5.724146327481494	66	1042.5517808443783
156	24	2024-06-26 21:31:39.745634	2.401215618080329	31.916810193055344	31.835379312165312	75	1097.4141813576575
157	21	2024-06-26 21:31:48.463852	7.100165230126848	43.10668648026934	49.50718973023197	18	932.1134547120421
158	22	2024-06-26 21:31:53.625134	-84.33073694998237	41.088381234284824	71.69158812605053	82	1000.9205582513898
159	23	2024-06-26 21:31:54.119913	-80.35289600501716	80.16151915750966	85.42514405360295	39	1068.685154318407
160	25	2024-06-26 21:31:56.585434	-38.995333600057116	83.41585278067707	83.72272203610427	86	940.4340011522588
161	21	2024-06-26 21:32:01.708033	-74.71437419911977	85.01814544539293	4.351759084458773	38	926.6373508979924
162	25	2024-06-26 21:32:08.895344	-97.69878291224427	52.61637693043628	54.2778565455879	78	1085.1690105463463
163	24	2024-06-26 21:32:09.951241	-57.45345702850595	78.56157616067209	66.72367813071489	5	932.2379610447639
164	21	2024-06-26 21:32:13.94042	84.8928615721886	24.068482421135563	34.914745744606975	53	985.9851081138762
165	23	2024-06-26 21:32:20.253578	-63.173233849709966	45.29011906976709	33.525757361749974	9	962.7210501553775
166	22	2024-06-26 21:32:21.881823	62.64229049190365	94.49468696308226	79.00915983104485	10	1062.780685624967
167	24	2024-06-26 21:32:23.184097	-60.00975459536011	99.44422764001888	39.61405267462658	42	1037.088443000694
168	25	2024-06-26 21:32:27.999831	64.18590631475786	93.80482608385188	23.69058323449924	61	923.4618786081539
169	21	2024-06-26 21:32:28.231645	-11.51133562347637	94.00873724626194	84.09933835445517	63	961.2619462179531
170	22	2024-06-26 21:32:36.128859	-38.444987391872985	62.918783403373766	68.52085064285298	34	1076.3474314902955
171	24	2024-06-26 21:32:37.276919	91.86404734505584	41.52272455065859	1.5343995126908205	25	1059.4316400700022
172	23	2024-06-26 21:32:43.38161	37.893995903981136	16.7415499923961	96.31180132912355	8	921.6336029889261
173	22	2024-06-26 21:32:49.361834	-38.38094935175569	62.326676936165995	95.096358421691	99	1069.8129437266523
174	25	2024-06-26 21:32:51.245243	-35.278772744322964	84.65805096882278	68.26877590613157	85	1064.700655566484
175	21	2024-06-26 21:32:55.455732	-39.863248885366296	8.211690055090115	43.28208805252777	27	919.5986123696252
176	23	2024-06-26 21:33:01.616448	-11.511252046852377	45.45256889568231	89.78944037527931	80	1032.401401082368
177	25	2024-06-26 21:33:03.465878	-41.54276301254933	68.83965809225178	70.22424072767352	9	917.2813815603583
178	24	2024-06-26 21:33:05.509555	25.437089438819044	31.82974718376207	5.566845589684355	49	1080.0527346529825
179	21	2024-06-26 21:33:05.614718	-22.03599516900536	14.242159337313465	62.13566139424037	20	959.7564373567535
180	22	2024-06-26 21:33:15.485616	56.71329696124937	44.87812626896835	48.51476058097266	54	929.468752208593
181	25	2024-06-26 21:33:18.581218	-99.23916109585853	62.737627492987215	5.203045150788366	82	943.4883737243091
182	24	2024-06-26 21:33:18.685342	-61.270776178568354	63.461879976015275	64.54994054967997	7	1057.5203126476326
183	23	2024-06-26 21:33:23.825661	33.669906676135355	79.01564505937515	15.739687931463154	89	971.411613512164
184	24	2024-06-26 21:33:30.912081	-47.94247305229518	4.08747311205161	99.21241353989322	37	1002.3712131685992
185	21	2024-06-26 21:33:33.747722	11.269834475534452	73.15476982017941	18.787200488983522	88	1086.0708415449321
186	22	2024-06-26 21:33:34.728798	84.69799959876843	74.07969032047916	11.489648088442973	97	904.1324357762455
187	25	2024-06-26 21:33:38.78005	-64.44070260636096	60.19134653011255	37.508731188781674	79	971.3334889655475
188	23	2024-06-26 21:33:40.051243	-19.736920608218696	73.02413226407837	18.61628358019971	58	972.1903976039408
189	21	2024-06-26 21:33:52.000944	10.723692644113342	9.400196830575592	26.581940526210268	6	961.5757456120767
190	22	2024-06-26 21:33:53.876863	81.93146596672847	64.88474467112295	89.19562533810786	7	961.5375541239576
191	23	2024-06-26 21:33:59.4286	6.152508745428634	16.84147136846179	95.11242697894585	100	1037.6768227794212
192	24	2024-06-26 21:34:00.035813	-25.593451865971502	51.69451135897922	44.09635694119658	25	934.4910139034973
193	25	2024-06-26 21:34:06.924936	96.50990705818725	52.42059952116177	70.31413311277649	80	971.4133005063121
194	22	2024-06-26 21:34:12.016073	80.5343640773377	54.09899083600167	50.21473649431859	88	928.6677853681476
195	21	2024-06-26 21:34:16.144023	91.95264800964401	78.7971517963791	77.30609518493907	32	1097.6566660036503
196	23	2024-06-26 21:34:17.704705	82.2992940779506	94.43196448488847	24.058342532619825	56	1050.905304465111
197	24	2024-06-26 21:34:25.159089	-23.541939394248473	27.84267410689042	56.238489444355565	53	1096.5961387032119
198	25	2024-06-26 21:34:27.192668	-98.95620310237845	32.21431287608609	95.98210319661132	13	1078.774695357321
199	23	2024-06-26 21:34:28.985668	-50.7781174987729	75.00398011405632	35.138043092476714	33	955.0905624617324
200	22	2024-06-26 21:34:39.12826	33.37403289092995	33.98837722629514	44.78943296647171	11	948.4524244204853
201	21	2024-06-26 21:34:40.25236	-15.268144307905374	9.74945661234793	7.742177279193374	69	1036.773738063906
202	25	2024-06-26 21:34:40.478574	70.0248478047188	38.56067432613208	37.73380456494826	85	929.3892347896921
203	24	2024-06-26 21:34:49.288377	-30.041347639712384	95.51944548168386	59.03537255227654	28	1060.93320916298
204	25	2024-06-26 21:34:55.699015	-41.4956496247044	0.4899650832205338	73.46378432001143	63	1048.7269423884425
205	23	2024-06-26 21:34:58.201904	-0.3641153994579156	45.193885432857286	46.28533944767589	9	914.7977306638417
206	24	2024-06-26 21:35:03.409015	-35.160417953600515	7.743771439420788	25.443273452861458	51	1006.1185961051683
207	21	2024-06-26 21:35:03.537673	60.68232615910841	54.88132728632134	89.89257204025976	33	1055.8412938266122
208	22	2024-06-26 21:35:07.243976	1.075211714026267	51.95463930705662	29.866670644031355	58	1037.2961115434605
209	21	2024-06-26 21:35:16.748766	-39.13923179085226	62.37377621251367	86.1761028733744	11	1089.220993659891
210	23	2024-06-26 21:35:18.449745	-40.894534735293256	71.62829450677916	22.382716195073936	59	1081.3608873712794
211	25	2024-06-26 21:35:21.958102	32.75896553577684	39.1634086006294	60.04458741433688	42	1016.0640327547504
212	24	2024-06-26 21:35:23.570533	51.64878806169665	68.65284998316439	19.08657801510747	56	928.5226339096417
213	22	2024-06-26 21:35:24.460717	-74.85104429888622	76.61290662977926	8.020966820065567	18	1040.9799190390463
214	24	2024-06-26 21:35:37.77813	-84.13008118984911	22.884909120207762	18.974403251077433	64	1029.827153992539
215	21	2024-06-26 21:35:40.990187	34.26586954481988	85.94855473200097	42.605833994435805	23	1060.4424996157904
216	23	2024-06-26 21:35:47.668469	79.54060996878974	59.43528725096358	41.54547149720008	94	1064.8568568486037
217	24	2024-06-26 21:35:49.998082	-66.25519121490599	76.92683355560459	52.69725681755091	93	1043.272313311781
218	25	2024-06-26 21:35:52.189952	-46.00804077872127	0.02074174836148579	40.80727289137294	23	1015.508531207565
219	22	2024-06-26 21:35:53.717043	-19.597629579586368	3.790629076677665	29.317052697124	28	929.0845110183446
220	24	2024-06-26 21:36:00.128063	-12.79866047906404	47.327092670812135	30.78610122251899	4	1017.1493307477524
221	21	2024-06-26 21:36:04.213151	-52.21365958672417	4.172892543588802	78.41383186553448	45	904.9674481784474
222	25	2024-06-26 21:36:04.402107	-77.03285789714343	53.99883451415698	83.54613514158154	75	1026.0501829864115
223	22	2024-06-26 21:36:07.827285	10.723647617337349	83.48773095977508	67.2964456432903	56	971.916426389363
224	23	2024-06-26 21:36:14.904692	-43.74415768568309	19.0112290569055	19.920373389460323	75	1060.6464949254819
225	24	2024-06-26 21:36:20.265351	-34.936235613782785	80.20849549539675	40.45432279869301	93	989.4205801342432
226	22	2024-06-26 21:36:26.089167	51.184332281575166	0.27385646175150935	36.63054475719532	72	923.811396054651
227	25	2024-06-26 21:36:31.537228	39.29962392658669	38.31753450787537	43.272309546481914	40	925.8962261538479
228	21	2024-06-26 21:36:32.327532	-34.001618377629185	97.59098865276795	4.52054328047603	13	1025.537138967197
229	23	2024-06-26 21:36:35.051572	-65.29681585626336	32.69093267590647	50.85683188973575	91	941.145227693558
230	21	2024-06-26 21:36:42.462564	73.89835016498688	3.110010679443276	26.866696665150403	66	1093.7385307185755
231	24	2024-06-26 21:36:44.384207	57.13205384695621	71.17803938411498	74.04824844005049	45	1043.447018216335
232	25	2024-06-26 21:36:48.654228	41.957237391287265	76.23433945572427	48.32782991089025	48	1078.8313424470662
233	23	2024-06-26 21:36:49.181245	41.470423950220265	22.33135047329474	33.706478810116145	36	1032.8729237036655
234	22	2024-06-26 21:36:54.199413	76.71239817843846	66.31905366343626	14.08543162202015	27	1050.0535653686684
235	24	2024-06-26 21:36:57.508438	89.66987345140848	59.725369588614875	40.7025244173707	87	1049.4554564918194
236	25	2024-06-26 21:37:04.795603	26.272989133581717	74.59660296057203	70.95113390781702	96	1080.800001295788
237	21	2024-06-26 21:37:05.59149	-34.57735436112918	83.55917074332037	26.875349404051185	62	1002.6422009620594
238	23	2024-06-26 21:37:15.312386	-67.0791849430156	12.03945057832364	83.1565282871652	38	940.751705258555
239	25	2024-06-26 21:37:15.911948	-10.044097649791212	68.21873160005143	48.15120962284798	38	1027.965409746544
240	21	2024-06-26 21:37:21.706291	16.100339714552604	36.42103746640194	61.38573350584121	49	957.9796440125806
241	22	2024-06-26 21:37:22.31817	41.153069280859825	57.788457063167684	45.16747620357289	6	1096.76680847371
242	24	2024-06-26 21:37:26.636378	55.15432868313394	5.599752094085453	98.8575656127698	94	1090.4742535801067
243	21	2024-06-26 21:37:31.845105	3.007082847352976	98.11723608022189	69.17915712685465	24	1060.9713659499907
244	22	2024-06-26 21:37:38.447581	-94.23484322419704	35.730813359023784	86.08393149482035	93	901.8117572642608
245	23	2024-06-26 21:37:40.436781	-74.55507074694498	44.43953173551949	24.63708069299473	58	1078.1517538962655
246	25	2024-06-26 21:37:46.036453	-91.28377670433741	53.432051437120045	57.642511918042224	97	931.89180217678
247	23	2024-06-26 21:37:50.570987	42.74786039125229	11.195420318003556	53.43294132809111	58	1054.3998849873738
248	24	2024-06-26 21:37:56.758096	-32.237608281373056	77.59057328362601	79.10868118072932	23	1071.057753475499
249	22	2024-06-26 21:37:58.583929	5.119462931892514	78.67610195584356	79.6532897966173	40	990.7868109292549
250	21	2024-06-26 21:38:00.957788	6.364344974467812	17.25365115467451	58.34428775866041	6	981.0597086229889
251	23	2024-06-26 21:38:08.706906	11.764641091561614	37.67114761988668	68.68843356239044	25	1085.2892467874244
252	25	2024-06-26 21:38:11.162033	31.290116736840275	58.231437187916	5.059964866207167	76	905.4117976933558
253	24	2024-06-26 21:38:15.878561	38.361600323034224	86.13391020477623	85.33955682372	64	1027.694852790041
254	21	2024-06-26 21:38:20.080949	-12.286886993660161	56.77120570751456	22.4476645363896	80	1069.587006423069
255	22	2024-06-26 21:38:20.709187	45.10232643135933	6.0042061382363565	13.657125712617335	46	966.7928225372242
256	24	2024-06-26 21:38:30.997856	18.954437898289342	64.4689986966428	93.42496075999344	2	991.5847121535462
257	23	2024-06-26 21:38:33.828275	-10.879571520483935	74.25275576004084	15.792412873918082	86	920.4932723607983
258	22	2024-06-26 21:38:36.821086	0.3809823909572714	38.328516930241484	7.082087562023909	4	1000.4131867020469
259	25	2024-06-26 21:38:41.280999	-34.71433885308963	57.490101190884936	83.55829534493273	81	1068.9365354791944
260	21	2024-06-26 21:38:45.199367	56.426844613743896	17.093486214309028	71.61382431715786	17	1038.2332007394766
261	22	2024-06-26 21:38:56.951784	-38.853477759858855	34.49433513894971	64.06467130478659	47	1038.75901138816
262	25	2024-06-26 21:38:57.409815	-1.6625188834694171	44.74274681232393	79.97871269377828	96	953.2773991159312
263	23	2024-06-26 21:38:57.953658	22.844140725769407	57.14285788194634	58.53745590413706	0	977.321584845963
264	24	2024-06-26 21:38:58.124912	13.543630073255827	58.00311984330945	97.56429730408061	86	916.6520340340659
265	22	2024-06-26 21:39:08.082653	37.334049716654164	95.0239775352555	24.521184502097015	2	998.5657840251218
266	23	2024-06-26 21:39:10.074494	30.825298844128753	74.05550326950299	61.81484276099955	15	915.0644063964493
267	21	2024-06-26 21:39:10.32948	89.61249601791727	60.188894993133054	1.6717508554852212	72	976.7965266812975
268	25	2024-06-26 21:39:13.535011	-71.80159740503575	88.83778858464399	67.0894239752923	60	1041.659763338543
269	24	2024-06-26 21:39:19.248197	-29.91014271494339	75.75177100941953	23.339757338891097	55	1045.0476319218337
270	21	2024-06-26 22:08:44.40051	91.07939878056612	35.2929622999523	44.10624650226009	13	906.6550058987975
271	22	2024-06-26 22:08:58.26107	32.35180872847769	81.21379068536775	73.30280983457558	61	949.4442314222258
272	23	2024-06-26 22:08:58.436641	74.61934371055466	48.34758038151505	16.292931205611293	67	1070.8479682260795
273	21	2024-06-26 22:09:04.703866	16.60780243180477	49.693791674169255	32.77878871547728	92	1095.7679488913764
274	23	2024-06-26 22:09:08.700657	-70.07255046607776	70.48548693879992	72.06566369070309	62	958.5748067712979
275	22	2024-06-26 22:09:11.569453	0.23564384898706692	29.47906911808522	9.15697309387471	34	966.9931888116982
276	23	2024-06-26 22:09:28.156766	12.024656228391578	43.12510463133067	96.60860643508052	79	944.3491305596652
277	21	2024-06-26 22:09:31.844778	-7.464273490556366	15.826744911992762	97.37637365550833	86	919.9789896137119
278	22	2024-06-26 22:09:33.009598	-18.674263032956958	14.853065256446508	96.7017613536389	29	941.3538646781465
279	21	2024-06-26 22:09:51.259079	-77.9032764086663	80.8655715064145	80.90785568771321	69	950.5394673029386
280	23	2024-06-26 22:09:53.544223	54.40234197427435	35.749028423821905	56.03863709840818	55	1077.9445480666955
281	22	2024-06-26 22:10:03.489854	74.48688581130426	69.05967405593682	89.84175852615255	41	1000.7588619424254
282	21	2024-06-26 22:10:07.775911	12.395910494128955	14.85971838890363	7.546484937332831	14	1069.9749184558423
283	23	2024-06-26 22:10:10.790794	75.33248109196035	96.3697391852607	79.0506849751225	47	916.1443272751785
284	22	2024-06-26 22:10:15.906417	-44.89278526570861	14.218689527666672	90.36929230949201	47	974.1667899330214
285	21	2024-06-26 22:10:24.511101	76.16749580709191	81.68149107534292	74.99811062444998	60	1078.0592853676028
286	23	2024-06-26 22:10:34.933409	91.08336194872442	64.90462934454523	46.585763433949545	50	956.9253857399942
287	22	2024-06-26 22:10:38.291298	51.17135055259254	15.391106955843448	3.525667228085483	60	1092.2021324223088
288	21	2024-06-26 22:10:41.787401	0.19777814324548615	71.74528755467087	94.08738010235773	71	985.0038669803183
289	23	2024-06-26 22:10:47.524726	-20.661331823448364	0.4829297200764082	70.2791995962005	98	977.9857031162462
290	22	2024-06-26 22:11:07.908354	20.238406432400623	97.42694874531298	66.66374261454118	87	990.1821859155026
291	21	2024-06-26 22:11:09.336158	60.86786011189838	76.26890977488365	50.47302205664328	65	1004.3081407561278
292	23	2024-06-26 22:11:10.331358	-69.69081231242185	28.800801950389896	56.56938971468184	63	935.3671725649692
293	22	2024-06-26 22:11:20.214383	96.38454975232364	93.61357410114617	61.68760165646028	1	1085.7272764687286
294	21	2024-06-26 22:11:21.968913	10.97406126137706	8.275784551524602	9.82889267558551	24	907.4920092142089
295	22	2024-06-26 22:11:30.533701	-48.30959126469032	31.91715694903521	64.32148882250642	76	1085.087498407871
296	23	2024-06-26 22:11:39.767024	45.0046497154774	69.53528729813016	41.35023426226617	63	907.8113663740025
297	21	2024-06-26 22:11:42.242139	11.347482554995935	75.99260780085334	47.735975434456265	95	926.3301764630926
298	23	2024-06-26 22:11:51.38674	-56.90084196372969	94.92241721983181	30.78731129166943	49	943.0613933181096
299	22	2024-06-26 22:11:54.213856	50.26201655961415	54.4809195410496	48.15435224910504	84	1052.9604923862757
300	21	2024-06-26 22:12:07.523025	-75.4792320298951	49.963447975850364	58.71046760071357	7	933.2403741350129
301	22	2024-06-26 22:12:14.737451	-20.30167822744869	5.7159669207685	96.2245327726887	54	1065.430156738193
302	23	2024-06-26 22:12:16.895514	-69.78839930437948	73.61109628227517	73.34716592361957	50	935.2651678219146
303	21	2024-06-26 22:12:37.128328	-61.95498968208286	5.87773717287341	56.199701944706135	51	1085.9812259286662
304	22	2024-06-26 22:12:38.472132	-22.095559994761757	74.58196260627577	78.79711540387805	19	917.2774203065535
305	23	2024-06-26 22:12:47.125498	67.18652832414165	55.27961803092863	3.565529445598825	33	923.7200855904359
306	22	2024-06-26 22:12:58.719099	-95.14850568959226	71.57846403829433	52.3666681923276	46	965.5824476810469
307	21	2024-06-26 22:13:07.355748	-39.144220529902206	41.06671232078628	73.22644752939773	51	950.3866747070155
308	23	2024-06-26 22:13:13.706926	94.31545485196435	55.89617278426893	16.65568729751704	41	1007.5345667932377
309	22	2024-06-26 22:13:20.88744	79.4806666339577	56.436085453438125	96.61206489392382	71	1013.6272280975667
310	21	2024-06-26 22:13:27.570068	-2.1746224548138997	68.58692880763955	14.44630064383584	86	1058.8117228584515
311	22	2024-06-26 22:13:33.22197	-22.613496773842428	91.07052356902632	72.43860010448104	78	940.2646912687511
312	23	2024-06-26 22:13:38.881262	30.146855472306413	48.46748483047293	12.03852818061465	0	957.7524407570138
313	22	2024-06-26 22:13:53.546299	18.928598848230436	86.82875128171558	13.029254676476743	76	1020.9181717603954
314	21	2024-06-26 22:13:53.94979	-66.73239118275418	13.22722408231578	57.179125903618136	30	1008.1249654780744
315	23	2024-06-26 22:13:55.061597	93.6253694955891	82.07420435915282	80.79651444583119	64	913.543096562301
316	23	2024-06-26 22:14:12.32606	62.752389296169554	18.203961386311317	32.665214167271664	15	962.6894868698273
317	21	2024-06-26 22:14:12.414165	-84.03216773675058	4.654229855145308	54.08785231002723	55	941.4394832907088
318	22	2024-06-26 22:14:18.959218	-83.8740108813768	6.647359252132878	43.4834952874947	86	1057.5088750779423
319	23	2024-06-26 22:14:22.804347	-91.98618753289549	11.114956744509874	63.50864727711182	68	937.8441908794425
320	23	2024-06-26 22:14:34.425821	83.25564303044428	4.451314895889569	53.551364153889956	85	961.3068903096637
321	21	2024-06-26 22:14:38.601163	67.7011829564191	3.8737524030591386	59.178963538632466	84	1081.1398183684723
322	22	2024-06-26 22:14:43.370502	18.447425011243496	58.05860212961748	1.8613945907104412	41	911.6725018193035
323	23	2024-06-26 22:14:50.800163	46.626230011740375	21.853981910943844	93.83568227581851	99	973.0000313414955
324	21	2024-06-26 22:15:01.970154	-0.3890081259024498	25.831391440126538	60.368778673578035	34	1023.6777642251774
325	22	2024-06-26 22:15:04.732677	-24.28916035185638	27.67248563263601	78.91708303057257	7	1027.6146492618927
326	23	2024-06-26 22:15:09.031087	39.92747084677703	10.572191478252469	12.714677757778547	81	1056.1489215285412
327	21	2024-06-26 22:15:12.390393	47.42577124670336	33.99355047059054	85.34036980099282	20	1086.9553883771555
328	21	2024-06-26 22:15:28.771938	-5.586447266444793	26.774170019648746	66.60343878151053	6	964.0421008295953
329	22	2024-06-26 22:15:33.07329	-83.09423560286417	17.796075750749484	9.96606314263797	78	915.8849734811047
330	23	2024-06-26 22:15:35.169088	18.402216091656072	82.47784125305543	41.497294664255755	65	1090.2656051613988
331	21	2024-06-26 22:15:47.134807	-74.81627912421078	70.67638093351717	26.223845835667593	63	1014.0213400007797
332	22	2024-06-26 22:15:50.236551	20.525214148233403	83.84727650170876	68.30117052064463	51	1050.4942590589592
333	23	2024-06-26 22:15:58.43197	-35.81249430579385	58.858390829649124	83.89085700636907	8	1002.1062991895029
334	21	2024-06-26 22:16:02.611625	48.394397894484115	80.09288016033902	80.91738652843662	55	964.5415328700085
335	22	2024-06-26 22:16:12.595228	-24.402372243974455	50.99199386737187	21.279975195053225	43	1049.0301025986562
336	23	2024-06-26 22:16:12.948979	26.401104741366126	60.283969322167685	53.185304805090574	46	995.6274130001123
337	23	2024-06-26 22:16:26.312213	-68.85573245550489	24.123023152372845	66.29216159108617	95	1042.975261348012
338	22	2024-06-26 22:16:26.941805	-85.80795858268415	82.8043258292074	37.73201497113372	40	946.4799833291275
339	21	2024-06-26 22:16:32.103218	48.69914746112849	75.76088223696298	81.68431712666016	40	1098.9429169050613
340	22	2024-06-26 22:16:42.097669	-46.57219346653192	3.9247870779477334	7.0862353430960585	19	1057.3330335399703
341	23	2024-06-26 22:16:50.671796	-24.89988025035288	29.27288777716851	2.844672704706386	11	980.0739073592446
342	21	2024-06-26 22:16:59.262516	78.17763023518583	36.79388513532129	35.13208436670956	24	912.0782592641273
343	22	2024-06-26 22:17:01.271595	-63.56363214742229	71.68225349249421	20.89271910071462	4	947.8655209689412
344	23	2024-06-26 22:17:06.859964	-25.33912389099065	0.14832166620182274	14.1297775366935	89	981.7530049470276
345	22	2024-06-26 22:17:11.471653	17.66778014754638	50.22192005726844	79.88885918678231	84	956.2507742291994
346	21	2024-06-26 22:17:14.424025	72.85026789040953	28.730793879104098	11.268537632593345	45	950.6909347051289
347	23	2024-06-26 22:17:25.020471	21.98609360781903	74.20348304685052	95.99224694827225	37	1036.3062975177247
348	21	2024-06-26 22:17:26.568752	-54.20020590753054	82.61722316161918	55.02882853376221	42	1072.1048122862612
349	22	2024-06-26 22:17:31.736538	93.84455278001079	27.42978426811239	34.05684643112538	3	947.7487235148046
350	23	2024-06-26 22:17:47.32828	-14.069954930447352	71.75149320544689	40.77432796154299	81	909.2687536255269
351	22	2024-06-26 22:17:51.831426	97.7022310717754	62.180266912805905	66.21253251726199	77	1033.8666337969821
352	21	2024-06-26 22:17:52.871426	26.346355646773702	31.07906968346108	76.86433690617531	68	924.2321922789429
353	22	2024-06-26 22:18:07.957997	-82.49354335120877	88.27294325151567	22.242058178136702	96	978.784746971502
354	21	2024-06-26 22:18:15.137419	-25.850277311970586	10.555168972232421	41.66239258927028	82	908.3196292718453
355	23	2024-06-26 22:18:15.689659	-35.92157005111571	94.79772982103052	50.17186148686123	4	1081.4951747944344
356	22	2024-06-26 22:18:21.196063	-89.37523534545397	0.610046913458695	78.64471105896924	71	1033.4827812475733
357	21	2024-06-26 22:18:25.379972	20.772198291573062	67.84375605842806	61.0957742350546	88	970.714919290231
358	21	2024-06-26 22:18:53.515023	31.180244430465393	22.271570763727887	32.22920579671187	21	931.1316372999547
359	23	2024-06-26 22:18:57.491803	14.28371403476217	33.39290239787498	8.487260609699376	16	1024.0863025040217
360	27	2024-06-26 22:18:58.512543	-3.4919223940238027	72.05139293648841	62.58363176251933	34	1013.9409789644478
361	22	2024-06-26 22:18:58.730135	-30.88579344221675	75.51568314155256	73.2724061739847	100	993.3043508755046
362	26	2024-06-26 22:19:01.366426	31.838156313979454	3.2283351886587264	55.638263852007576	88	1087.722207277896
363	25	2024-06-26 22:19:01.759537	82.05712595973236	72.98403364126068	80.19988529217883	39	1035.9284628127841
364	29	2024-06-26 22:19:03.42187	-99.22897200431979	51.646782682217584	75.88226214080358	25	1038.73971041695
365	21	2024-06-26 22:19:06.938097	-72.056100401082	92.75201922709121	19.813699538328457	40	1061.270776399132
366	28	2024-06-26 22:19:07.630501	-61.92174577475604	58.95272531588536	90.351022387393	2	983.8071925000648
367	24	2024-06-26 22:19:12.27076	-34.39077496005649	9.611020547535453	41.129760812452076	25	1088.7695942825014
368	30	2024-06-26 22:19:13.016336	-78.39714090917205	13.635732403264544	76.85314990670818	18	1013.6423320847728
369	25	2024-06-26 22:19:13.188528	-92.14756073990091	62.60518857118546	58.4162591224364	64	1084.3431507099087
370	22	2024-06-26 22:19:22.961559	-1.2554721934017437	55.952722482169435	86.458158264028	32	968.7377525965536
371	23	2024-06-26 22:19:23.712382	98.5262690374683	50.96549237337551	81.92193946465412	14	1089.3339092158608
372	30	2024-06-26 22:19:25.302934	54.21062534800265	33.53385488380292	58.196723262371286	20	960.8847826860751
373	26	2024-06-26 22:19:25.636173	-4.251319003058768	14.096292081116646	29.349359061554768	17	949.4963379947455
374	27	2024-06-26 22:19:27.731469	72.32640760624079	88.44684461185324	18.9951056782389	23	931.6354420767078
375	24	2024-06-26 22:19:28.540604	19.83825916457566	48.37479147280808	46.94514980484277	71	941.4697669267833
376	29	2024-06-26 22:19:33.634293	-92.84450210573416	20.38034635157051	27.65457771294666	89	991.185690571699
377	28	2024-06-26 22:19:33.873969	74.31850467734029	32.23628991305162	7.490193264779233	53	1088.7167940058189
378	21	2024-06-26 22:19:37.459118	-13.478089590392074	23.70603900845011	30.68943115303673	17	1080.7734259728254
379	25	2024-06-26 22:19:38.437787	1.802182014531681	60.258594588360005	84.53349539574525	98	1021.0341505447666
380	24	2024-06-26 22:19:42.888168	85.91841863212301	64.58723061855457	65.34494633562356	87	1055.9027693421995
381	23	2024-06-26 22:19:46.836009	-49.372101449876915	8.502071257545897	75.7294315179755	48	987.4088974942854
382	21	2024-06-26 22:19:49.553482	32.579948420143324	53.9206741564067	90.65843095831033	31	905.2944829165921
383	29	2024-06-26 22:19:50.76069	-81.41442306198192	74.90571790410286	15.663629795124178	90	941.9709565836663
384	22	2024-06-26 22:19:52.247149	21.66120899165847	74.44685218979163	28.801807460522465	95	1009.2086577649079
385	24	2024-06-26 22:19:53.050221	19.34347558339266	55.31904712431486	56.37444714117481	6	1070.4162367575873
386	27	2024-06-26 22:19:54.077409	13.901589651628683	67.75473923717297	87.54431867382631	10	923.9042835554718
387	30	2024-06-26 22:19:54.583294	-49.23826716946098	91.58514482321156	61.56155167901266	64	1061.8620908847681
388	26	2024-06-26 22:19:54.903955	42.36825637250362	84.20359792642506	97.02743960124474	89	938.4181404755672
389	23	2024-06-26 22:19:59.054186	21.707874085766974	1.1854182556220283	1.5846212535901572	94	971.7910630436409
390	28	2024-06-26 22:20:03.105407	24.641608968673538	8.551885457753839	92.6470423420712	17	946.088535128128
391	27	2024-06-26 22:20:04.187854	-72.91622186080528	72.85016579476235	97.32592784407916	59	901.7733452525115
392	25	2024-06-26 22:20:08.636716	-46.31450299664206	4.218084924048194	36.51999358530074	88	917.5913759599662
393	26	2024-06-26 22:20:09.179604	2.934777726493664	35.24511392858412	16.38240431864767	12	995.3484992599941
394	22	2024-06-26 22:20:10.632784	4.478435033199645	63.61165259041235	89.67383011848872	21	903.3038919401743
395	24	2024-06-26 22:20:11.196737	-61.21290579921486	0.6187116364885448	57.23497807134012	9	936.259103903345
396	21	2024-06-26 22:20:12.785389	13.895801148237936	82.80727283568685	17.774491773545186	30	1050.8333237923916
397	29	2024-06-26 22:20:18.893232	6.001647052048327	36.57561061621257	59.304007602629525	89	976.8001261017449
398	30	2024-06-26 22:20:19.853845	-8.384643408158027	67.870035676309	58.76091411419522	63	1077.3396145800255
399	27	2024-06-26 22:20:22.479418	98.52134454641526	99.65256744132715	67.09462055322999	46	1016.1796841756774
400	25	2024-06-26 22:20:22.916781	-42.58565120907776	59.97743652311966	5.893860669442996	79	1034.7658458691308
401	21	2024-06-26 22:20:22.966308	-7.11329545634014	30.171924989603905	58.07453278783993	84	968.8717052815662
402	24	2024-06-26 22:20:24.456928	-80.54935440817147	54.97673033333884	69.36715561233329	49	1079.9829560521323
403	26	2024-06-26 22:20:25.441934	-42.96630061870233	44.563797717215905	43.70748951636425	30	1061.5087528304443
404	22	2024-06-26 22:20:26.890704	3.908461593446063	68.17367635390292	40.65448501339153	21	1090.6977614029431
405	28	2024-06-26 22:20:28.228199	86.36085897443428	69.39308018720763	34.24692039090144	66	1031.4218961287102
406	23	2024-06-26 22:20:29.280146	-36.88220599699876	19.780576520810776	45.347128313391984	94	1022.3580042979153
407	24	2024-06-26 22:20:34.597065	18.250382643463766	20.66575024999292	65.2244045964918	92	1016.4801339347409
408	21	2024-06-26 22:20:35.218522	39.18277118778934	77.77858016726567	54.46052462920188	34	1012.4778201292139
409	30	2024-06-26 22:20:36.086134	2.055556369473038	43.39201608858729	37.1821919651688	52	1031.818096640521
410	27	2024-06-26 22:20:36.716653	79.50573634921639	9.722392433335214	53.38249075398574	30	1054.2857091080612
411	26	2024-06-26 22:20:43.725712	97.27170858491766	79.34097286013923	80.0024178039661	8	972.8192292618908
412	29	2024-06-26 22:20:44.205615	56.93543278573409	86.23696208417823	78.925626698064	0	1062.9507349654791
413	21	2024-06-27 11:03:33.150016	69.66291724199863	93.53673192184634	14.618623810980747	80	1073.5133644714713
414	26	2024-06-27 11:03:35.718385	-97.05305375221371	4.291923402756992	32.63778423142377	19	1037.4633719986637
415	22	2024-06-27 11:03:37.288252	71.15173511360354	41.375550358283085	75.52989681936972	37	917.7369925627044
416	29	2024-06-27 11:03:37.591546	52.934784883557484	70.13092315138039	12.057641091872483	78	992.4538486611798
417	25	2024-06-27 11:03:45.552581	26.252785216152844	95.1196394689686	46.02628916297027	65	1067.9585080196237
418	23	2024-06-27 11:03:45.93186	55.550742855734654	49.817367382543374	30.781928717497355	68	969.424579381476
419	30	2024-06-27 11:03:46.994812	-5.753289821289471	95.70097714326683	99.08187859591925	83	1032.0432544765938
420	27	2024-06-27 11:03:47.893543	-66.55034528918935	45.44810089631639	69.03312609921218	78	1094.7816025803406
421	22	2024-06-27 11:03:49.545541	-57.958625308013126	62.75966347188433	59.7490429537611	78	1097.99710482631
422	24	2024-06-27 11:03:50.315821	-33.13021633902713	67.49965707817367	75.58310835591513	95	901.4822615433111
423	28	2024-06-27 11:03:52.05356	87.10363571779388	81.38766459998993	83.99414746258294	61	1053.6868887707833
424	26	2024-06-27 11:03:54.97875	-96.95741245197269	45.20878727398085	4.0680356806835345	94	971.5791502445011
425	24	2024-06-27 11:04:02.55396	30.27703883024796	51.27086986454881	87.33101683563737	100	1096.7785219153318
426	21	2024-06-27 11:04:03.565419	-3.8003281622484906	44.24066295366662	79.38737513696431	88	976.5807270538011
427	27	2024-06-27 11:04:04.186533	73.09296103204372	74.85041271796719	77.6811494126268	47	988.0359327760812
428	29	2024-06-27 11:04:07.875712	40.48623562595631	5.851130231678592	66.86359405610706	27	1003.7910697943856
429	30	2024-06-27 11:04:08.315885	45.53975738324465	11.506586037281219	81.79384665184276	71	996.2139057449232
430	25	2024-06-27 11:04:09.826552	65.1836642369351	91.41285236478906	72.59682862857755	79	1007.8753309315239
431	22	2024-06-27 11:04:12.843291	28.062021278799733	6.344055664904413	25.056848073425243	9	962.4332833544204
432	24	2024-06-27 11:04:13.065685	74.3659160441336	32.951517680941976	38.093163197817034	47	991.1582938411283
433	23	2024-06-27 11:04:15.231452	-24.622147587501587	27.415909160080055	72.45635238787777	35	942.2048789628315
434	29	2024-06-27 11:04:19.032962	-51.52878681366122	1.6371509864070433	37.97662041753919	3	1097.1437648028875
435	28	2024-06-27 11:04:21.369305	77.82004969026553	42.15620893266876	56.22103381868263	32	1077.6021578463556
436	26	2024-06-27 11:04:22.126669	-46.54155550478176	81.43285921854306	33.716317560068795	99	951.1525520255605
437	27	2024-06-27 11:04:23.54491	73.15013639286374	11.945576761025068	10.514363036713393	83	1084.113596651535
438	21	2024-06-27 11:04:29.013472	-32.90027033561567	87.4752301924624	35.58317447690668	15	979.5255097919729
439	23	2024-06-27 11:04:32.563878	84.39446886256377	59.0135641586334	98.49440730871606	97	1083.1244369622623
440	24	2024-06-27 11:04:33.183594	-73.84438476291709	8.119747958289347	5.127499173356476	44	941.0860068296781
441	22	2024-06-27 11:04:34.164004	-44.9011520214154	85.46759004223804	27.150058639321262	8	1015.8442531300275
442	30	2024-06-27 11:04:34.709182	-18.9096899817564	27.17775132790091	22.477726248918707	90	992.6694497201711
443	29	2024-06-27 11:04:35.344323	47.58982637681132	73.91481117189257	59.2196610765634	79	1042.8064643756484
444	25	2024-06-27 11:04:37.929787	-39.59868074880002	7.9977429115599685	11.108314707057666	56	917.388488094193
445	22	2024-06-27 11:04:45.514524	-1.281562872979464	11.111930033071681	15.029398655898419	95	1098.5717538774709
446	26	2024-06-27 11:04:46.269344	-79.76914995214786	96.10740429065791	79.84266849740459	78	1088.817618818559
447	27	2024-06-27 11:04:47.708628	45.89860581620508	57.94432319726363	62.608862352981234	39	958.9797626438017
448	28	2024-06-27 11:04:51.493342	-74.96003369253611	44.19773749841418	38.87247838594365	71	984.6601302842871
449	25	2024-06-27 11:04:53.188299	-36.10137654825518	87.54654044487454	26.895253804527286	43	1094.2644196054557
450	21	2024-06-27 11:04:54.411213	20.7566716963604	75.92894246471987	7.188410963702041	66	924.0883736367289
451	30	2024-06-27 11:04:54.932625	21.206410049711664	0.8041553087382192	26.2402421570739	61	986.5525845849937
452	29	2024-06-27 11:04:56.594752	-7.968244125590502	99.6565001940324	34.54746450070557	47	1084.7895137922978
453	23	2024-06-27 11:04:57.834969	-22.247338501173246	42.05179403902793	52.947783698883434	83	1064.2998746085555
454	24	2024-06-27 11:05:00.533069	-87.62691975578791	69.21719415964125	67.77013022004071	48	1026.5566385077097
455	28	2024-06-27 11:05:06.84562	0.6232101587771695	81.19935630099874	66.50755446370026	36	1044.449828006394
456	27	2024-06-27 11:05:06.852302	-88.5758629422572	44.7147240004135	84.40100719959813	84	1076.1124450454024
457	26	2024-06-27 11:05:12.455674	-38.72302883985574	82.93116984864965	68.4635567539344	64	912.9749054698644
458	22	2024-06-27 11:05:12.942482	68.87943454297317	67.2613586850349	1.7295614441332319	68	1093.3796245689325
459	30	2024-06-27 11:05:17.206524	84.97714423706671	91.32126349146206	2.11909102145168	3	1081.0461524634072
460	21	2024-06-27 11:05:17.773461	77.4519290223677	51.63253893352239	86.88605570062418	5	928.6009568384741
461	29	2024-06-27 11:05:18.84949	41.07456377144513	85.96102010779472	4.4096610108773415	48	1048.6952933172806
462	28	2024-06-27 11:05:21.195809	85.69705737884584	51.735303383948384	96.6378747377445	1	1000.1291289777594
463	23	2024-06-27 11:05:21.204423	-51.269751530521845	29.24800806864436	46.36333741648551	23	1080.695675198986
464	27	2024-06-27 11:05:21.444888	-56.089519804580455	97.76505521620771	57.360787985732905	89	1032.8248111498037
465	25	2024-06-27 11:05:22.343942	41.59852090154746	99.31202451783494	71.2390004021658	37	1073.116004726859
466	24	2024-06-27 11:05:24.661786	41.81698895011306	1.293266778424118	5.58579819790701	29	960.7590336491168
467	21	2024-06-27 11:05:28.898984	8.368084704895892	14.41317290131494	24.817272279719347	85	1069.5824578324664
468	27	2024-06-27 11:05:31.561367	74.29581164025981	1.6852958704757004	48.403515525101504	96	976.2462360749402
469	29	2024-06-27 11:05:32.096273	21.978426708823505	34.25470255369682	27.044586329943122	68	985.9908718988088
470	23	2024-06-27 11:05:32.498751	-51.345277678450806	16.189886040081714	57.713926626815784	76	1030.5738532171285
471	26	2024-06-27 11:05:33.588419	-37.52571140068388	75.32214963781745	76.53873586624168	73	906.949009908183
472	22	2024-06-27 11:05:36.360527	-86.10093299495058	97.17706367399938	66.94101393401522	48	1028.1025069662862
473	28	2024-06-27 11:05:36.67303	26.439692210658407	21.47240774156157	20.761010077694884	83	945.2001008730227
474	27	2024-06-27 11:05:42.831434	18.94510250047415	50.51305793961556	52.4413880086164	40	1021.7186982110425
475	30	2024-06-27 11:05:44.346177	-98.66458437805039	83.72304392800685	44.650223144801	95	1019.7508843238878
476	25	2024-06-27 11:05:44.703044	-80.2101597384016	77.12126341798852	8.685358558544998	68	1035.5554745825211
477	24	2024-06-27 11:05:44.97566	-73.63089879974734	32.6041129159542	79.96552446124734	96	958.5578462439589
478	29	2024-06-27 11:05:48.217182	-43.04990092996934	22.129506840351777	9.179520171010157	78	921.9606875692156
\.


